0	0.00000000000000
0.02	0.03129610375600
0.04	0.01937154485200
0.06	0.01081204874800
0.08	0.01027975699600
0.1	0.01183890276000
0.12	-0.00341920971960
0.14	0.01129029555200
0.16	0.02333824009200
0.18	0.00009019693935
0.2	-0.00827907420400
0.22	0.00748950810520
0.24	0.01110776638800
0.26	0.00415452692720
0.28	0.00485119689840
0.3	0.01016738429280
0.32	0.00531853274120
0.34	-0.00202311654400
0.36	0.01740451268800
0.38	0.00770058931720
0.4	0.01561695054000
0.42	0.00398382646880
0.44	0.00229996943800
0.46	0.00947040840680
0.48	0.01558126048000
0.5	0.01426072826000
0.52	0.02024442174800
0.54	0.01473183705200
0.56	0.01729030449600
0.58	0.00759708814320
0.6	0.00517893362080
0.62	0.01013363169320
0.64	0.00848118191520
0.66	0.00549117066000
0.68	0.01277500204800
0.7	0.00018905534640
0.72	0.01869445342800
0.74	0.02063395326000
0.76	-0.01369070701600
0.78	-0.01206629942800
0.8	-0.01280865267600
0.82	-0.01232530729200
0.84	-0.00685412306560
0.86	-0.00793094316160
0.88	-0.00483987805080
0.9	-0.00578882576040
0.92	-0.00290721031600
0.94	-0.00422600901880
0.96	-0.01940723491200
0.98	-0.01407310051600
1	-0.00252522470240
1.02	0.00302121456480
1.04	-0.01421484104000
1.06	-0.00949508553400
1.08	-0.00543131333080
1.1	0.00016496965448
1.12	-0.00080828808456
1.14	-0.00041242413620
1.16	-0.00568022600640
1.18	-0.02673083522400
1.2	-0.00045641468444
1.22	-0.00206849390600
1.24	-0.01169104394000
1.26	-0.01381001378800
1.28	-0.00032846072076
1.3	-0.01520702470800
1.32	-0.01313496179600
1.34	-0.01128621668800
1.36	0.00697669292880
1.38	-0.01687528008400
1.4	-0.00907700197400
1.42	-0.00802995758520
1.44	-0.00796846871040
1.46	-0.00427362975600
1.48	-0.00902856546400
1.5	-0.00581595020600
1.52	-0.02235931273200
1.54	-0.02132022212800
1.56	-0.00844253467880
1.58	0.00036182582828
1.6	0.00428984324040
1.62	-0.00554164660200
1.64	-0.00904651246560
1.66	-0.00042887215528
1.68	-0.01134841936400
1.7	-0.01420158473200
1.72	0.00613899623480
1.74	0.01013414155120
1.76	-0.01229471581200
1.78	-0.01887086429600
1.8	-0.00052823328232
1.82	-0.00806636144640
1.84	-0.01216623159600
1.86	0.01645311766000
1.88	0.00526214244640
1.9	-0.00125006984440
1.92	-0.01237119451200
1.94	-0.01530695687600
1.96	0.00875630129200
1.98	-0.00858937378280
2	-0.01928690842400
2.02	-0.02014245014800
2.04	0.00002487291267
2.06	-0.01141776005200
2.08	-0.01434128582400
2.1	0.02115910700000
2.12	-0.00408732764280
2.14	-0.02636985576000
2.16	-0.01125154634400
2.18	0.00662030218680
2.2	-0.00859304476040
2.22	-0.00082523576448
2.24	-0.01727194960800
2.26	0.01106595803200
2.28	-0.00660041772480
2.3	-0.03470093548000
2.32	-0.00944644508080
2.34	0.00957554112640
2.36	0.00676285848360
2.38	-0.01334706272400
2.4	-0.00953036770760
2.42	-0.03982194923200
2.44	0.00592985248320
2.46	-0.05168940404000
2.48	-0.01434740412000
2.5	-0.01920329171200
2.52	-0.01645821624000
2.54	-0.01858840296400
2.56	-0.01412510603200
2.58	0.00427362975600
2.6	0.01156154000800
2.62	-0.00790412463080
2.64	-0.00986391681120
2.66	-0.01828350788000
2.68	-0.02483008460000
2.7	-0.00226774641240
2.72	0.04621250940400
2.74	0.06600723639600
2.76	0.03486510975600
2.78	-0.00335649718560
2.8	-0.07163300956800
2.82	-0.04271896238800
2.84	0.01654285266800
2.86	0.04773800454000
2.88	0.00593015839800
2.9	-0.00686697148720
2.92	-0.01123421117200
2.94	0.01330933323200
2.96	0.02951873876800
2.98	0.02783722708400
3	0.01775325556000
3.02	-0.01467779210400
3.04	-0.01259859118000
3.06	0.00673461235040
3.08	0.02833688792400
3.1	0.02206053594400
3.12	-0.01343985688000
3.14	-0.01204692482400
3.16	-0.03770501881600
3.18	-0.02500853490000
3.2	-0.01049389735600
3.22	0.00992234653800
3.24	0.00544824061640
3.26	-0.01063257873200
3.28	-0.05195554991600
3.3	-0.00820626648160
3.32	0.02094700607200
3.34	0.01641334873600
3.36	-0.02452620923200
3.38	0.00043696870032
3.4	0.01250375759200
3.42	0.01558635906000
3.44	-0.00191798382440
3.46	-0.01904625544800
3.48	-0.00358532145600
3.5	-0.00711894331080
3.52	0.01163903842400
3.54	0.00285224762360
3.56	0.03945689090400
3.58	0.00572805068680
3.6	-0.03283485520000
3.62	-0.01195515038400
3.64	0.02660337072400
3.66	0.03349869031600
3.68	0.01103026797200
3.7	0.00949916439800
3.72	-0.02280798777200
3.74	-0.05254494576400
3.76	-0.01507446162800
3.78	0.01993952666400
3.8	0.01069682084000
3.82	-0.00409701494480
3.84	-0.04549666877200
3.86	-0.02527977935600
3.88	-0.03575328239200
3.9	-0.02159350601600
3.92	-0.01786644403600
3.94	-0.01308193656400
3.96	-0.02362681972000
3.98	-0.05144773134800
4	-0.05281211135600
4.02	-0.05575705116400
4.04	-0.05825331593200
4.06	-0.02778420185200
4.08	0.00274385181280
4.1	0.00101957323976
4.12	-0.01467371324000
4.14	-0.01933687450800
4.16	-0.00669056061920
4.18	-0.01314413924000
4.2	-0.02636271774800
4.22	-0.05536038164000
4.24	-0.07646238454400
4.26	-0.08418265438000
4.28	-0.07749025827200
4.3	-0.04661529722400
4.32	-0.01486541984800
4.34	0.05272849464400
4.36	0.06414829412800
4.38	0.08699197196000
4.4	0.13922182548000
4.42	0.20737964292000
4.44	0.23696160408000
4.46	0.22461284332000
4.48	0.23900103608000
4.5	0.23640076028000
4.52	0.20411655172000
4.54	0.15354883528000
4.56	0.19260395808000
4.58	0.23778757404000
4.6	0.29292361816000
4.62	0.27006158544000
4.64	0.24381409560000
4.66	0.21586368004000
4.68	0.17593160148000
4.7	0.16015659496000
4.72	0.13221637656000
4.74	0.09401781520000
4.76	-0.00909250165720
4.78	-0.09527920389200
4.8	-0.23116961720000
4.82	-0.25930358164000
4.84	-0.30641446084000
4.86	-0.35108821880000
4.88	-0.34391961532000
4.9	-0.28435800376000
4.92	-0.30170337292000
4.94	-0.35755321824000
4.96	-0.38367834216000
4.98	-0.30547632212000
5	-0.21998333268000
5.02	-0.19309342176000
5.04	-0.18781129288000
5.06	-0.19093162384000
5.08	-0.17182214600000
5.1	-0.13260386864000
5.12	-0.04727301404400
5.14	0.09580333791600
5.16	0.17378000072000
5.18	0.26108808464000
5.2	0.36600666388000
5.22	0.42329430876000
5.24	0.41462672276000
5.26	0.37492917888000
5.28	0.33399777864000
5.3	0.25588753304000
5.32	0.16984389696000
5.34	0.11705319964000
5.36	0.10301171032000
5.38	0.05716018038000
5.4	0.02117848160400
5.42	-0.03665165218800
5.44	-0.07287808280400
5.46	-0.06676182623600
5.48	-0.12840263872000
5.5	-0.20360669372000
5.52	-0.28639743576000
5.54	-0.26107788748000
5.56	-0.22722331628000
5.58	-0.13347062724000
5.6	-0.14733876484000
5.62	-0.13894650216000
5.64	-0.09547906822800
5.66	-0.17616613616000
5.68	-0.20177120492000
5.7	-0.17244417276000
5.72	-0.12586354588000
5.74	-0.03958741455200
5.76	-0.05255820207200
5.78	-0.06666699264800
5.8	0.05570300621600
5.82	0.05948309342800
5.84	0.07277509148800
5.86	0.02885388393600
5.88	0.02422641272800
5.9	0.14756310236000
5.92	0.15399751032000
5.94	0.08903752225600
5.96	0.08712963362000
5.98	-0.01242421974400
6	-0.06936006260400
6.02	-0.01186541537600
6.04	0.01502959412400
6.06	0.11832784464000
6.08	-0.01042659610000
6.1	-0.03368529834400
6.12	-0.06564013863600
6.14	-0.03185592784000
6.16	-0.01300647758000
6.18	0.00093883212688
6.2	0.00052060580664
6.22	0.03670059855600
6.24	0.04895554544400
6.26	-0.02382566434000
6.28	-0.02478419738000
6.3	-0.00168671223560
6.32	0.03743581379200
6.34	0.03208638365600
6.36	0.01756460810000
6.38	-0.02799222391600
6.4	-0.04491848980000
6.42	-0.12226394840000
6.44	0.01348064552000
6.46	0.09793454435600
6.48	0.16242036448000
6.5	0.09492842158800
6.52	0.10122618760400
6.54	0.05432944876400
6.56	-0.04292188587200
6.58	-0.11067997464000
6.6	-0.07277407177200
6.62	-0.05540218999600
6.64	-0.06444605120000
6.66	0.00841020968160
6.68	0.00991000797440
6.7	0.00645551608120
6.72	0.00033740363008
6.74	-0.02108262830000
6.76	0.02616387312800
6.78	-0.03624172635600
6.8	-0.08863065557200
6.82	-0.13901788228000
6.84	-0.17149583688000
6.86	-0.11196481680000
6.88	-0.05218702544800
6.9	0.00937363735840
6.92	0.03821283738400
6.94	0.10471463604000
6.96	0.00269888233720
6.98	-0.04873732622000
7	-0.08137435651600
7.02	-0.07973669262000
7.04	-0.02456699787200
7.06	0.03919074502800
7.08	0.08710006185600
7.1	0.10118845811200
7.12	0.08995832580400
7.14	0.00983801602480
7.16	-0.04928083484800
7.18	-0.13417423128000
7.2	-0.06312449926400
7.22	-0.00211917379120
7.24	-0.05244297416400
7.26	-0.08246647235200
7.28	-0.09595731503200
7.3	-0.14454474300000
7.32	-0.12025510788000
7.34	-0.06832199171600
7.36	-0.08610787818800
7.38	-0.01781953710000
7.4	-0.03082805411200
7.42	-0.17733880956000
7.44	-0.15481328312000
7.46	-0.11302532144000
7.48	-0.13143119524000
7.5	-0.05862857142000
7.52	0.01685896462800
7.54	0.02449765718400
7.56	0.10403142632000
7.58	0.06282572247600
7.6	0.11421838916000
7.62	0.07869556258400
7.64	0.01436779844000
7.66	0.06936312175200
7.68	0.16017698928000
7.7	0.24745448172000
7.72	0.25628522228000
7.74	0.22533684168000
7.76	0.14460592596000
7.78	0.23442251124000
7.8	0.13718239348000
7.82	0.08715308708800
7.84	0.04900755096000
7.86	0.14071061084000
7.88	0.09511095075200
7.9	0.06932641197600
7.92	0.16187991500000
7.94	0.22842658116000
7.96	0.21211112516000
7.98	0.09022957026000
8	-0.03965777495600
8.02	0.04332161454400
8.04	0.13349102156000
8.06	0.11997978456000
8.08	0.22573453092000
8.1	-0.01823558122800
8.12	-0.12780100628000
8.14	-0.15518038088000
8.16	-0.16402131860000
8.18	-0.00055802938384
8.2	0.05546337295600
8.22	0.00739508240360
8.24	0.05274481010000
8.26	0.12038767096000
8.28	0.00701595199480
8.3	0.11008853936000
8.32	0.14352502700000
8.34	0.11732852296000
8.36	0.07216938018400
8.38	-0.09181828778800
8.4	-0.23643135176000
8.42	-0.17019060040000
8.44	-0.02589262867200
8.46	-0.01369988446000
8.48	-0.10009022398000
8.5	-0.07625436248000
8.52	-0.13827348960000
8.54	-0.08132541014800
8.56	-0.03764587528800
8.58	-0.13738633668000
8.6	0.11012932800000
8.62	-0.05551843762000
8.64	-0.06393517348400
8.66	-0.03534539599200
8.68	0.05648002980800
8.7	-0.07749841600000
8.72	0.13387851364000
8.74	0.00825592665080
8.76	-0.14125106032000
8.78	-0.00462186277000
8.8	-0.05013331742400
8.82	-0.04405071148400
8.84	0.12408924004000
8.86	0.23923557076000
8.88	0.11649235584000
8.9	-0.02347692146800
8.92	0.17256653868000
8.94	0.13741692816000
8.96	0.24978963136000
8.98	0.12149916140000
9	0.12852500464000
9.02	0.19852850804000
9.04	-0.12563920836000
9.06	-0.15483367744000
9.08	-0.08190358912000
9.1	-0.12307972120000
9.12	0.14406547648000
9.14	0.23729811036000
9.16	0.21824981548000
9.18	0.17920488984000
9.2	0.05624141626400
9.22	0.08612113449600
9.24	0.12330405872000
9.26	0.18282488164000
9.28	0.08341174908400
9.3	0.21331439004000
9.32	0.00152060049920
9.34	-0.04979885057600
9.36	-0.15515998656000
9.38	-0.07134850880400
9.4	-0.04605853228800
9.42	0.03965777495600
9.44	0.08511263537200
9.46	0.04839674107600
9.48	0.15538432408000
9.5	0.14249511384000
9.52	-0.05909254220000
9.54	-0.12649576980000
9.56	-0.02417746636000
9.58	0.22349115572000
9.6	0.29302558976000
9.62	0.40664234648000
9.64	0.07550589093600
9.66	-0.22229808800000
9.68	-0.13409265400000
9.7	0.02953403450800
9.72	0.04505819089200
9.74	0.03253403898000
9.76	0.12844342736000
9.78	0.10741688344000
9.8	-0.03735015764800
9.82	-0.31995628932000
9.84	-0.25550004096000
9.86	0.00938097931360
9.88	-0.01750648428800
9.9	0.22665227532000
9.92	0.19156384776000
9.94	-0.24970805408000
9.96	-0.51625161932000
9.98	-0.49662208632000
10	0.01778792590400
10.02	0.70154421368000
10.04	0.75399840472000
10.06	0.61933470976000
10.08	0.57185673280000
10.1	0.40020793852000
10.12	-0.01839363720800
10.14	-0.79860078256000
10.16	-0.12681188176000
10.18	0.36763820948000
10.2	0.44291364460000
10.22	0.42848466320000
10.24	0.30975912932000
10.26	0.57853587260000
10.28	-0.17776709028000
10.3	-0.65940954856000
10.32	-0.68309755124000
10.34	-0.73141169532000
10.36	-0.57460996600000
10.38	-0.52954871596000
10.4	-0.45130590728000
10.42	-0.61169703692000
10.44	-0.59471876552000
10.46	-0.31025879016000
10.48	0.01457989936800
10.5	0.34353212324000
10.52	0.67049386148000
10.54	0.52771322716000
10.56	0.62419875508000
10.58	0.74439268000000
10.6	0.64077933724000
10.62	0.74090525128000
10.64	0.63784255516000
10.66	-0.26681888856000
10.68	-0.41883814984000
10.7	-0.45856628520000
10.72	-0.54429380932000
10.74	-0.56464734068000
10.76	-0.22966043752000
10.78	0.00025304252540
10.8	0.74003849268000
10.82	0.27915745216000
10.84	-0.44463696464000
10.86	-0.51519111468000
10.88	-0.99175538728000
10.9	-0.63814846996000
10.92	-0.67791739396000
10.94	-0.70394054628000
10.96	-0.42178512908000
10.98	-0.43680554576000
11	-0.25955851064000
11.02	-0.08265715924400
11.04	0.71385218580000
11.06	0.63650672720000
11.08	0.30732200808000
11.1	-0.46943645776000
11.12	-0.84650704024000
11.14	-0.77687063460000
11.16	-0.71438243812000
11.18	-0.71593240644000
11.2	-0.65595271132000
11.22	-0.29985768696000
11.24	-0.00449919093520
11.26	-0.26612548168000
11.28	-0.43302239940000
11.3	-0.67756049336000
11.32	-0.33348792064000
11.34	-0.08851644738000
11.36	-0.08558170473200
11.38	-0.03679951100800
11.4	-0.20865428792000
11.42	0.01187969140000
11.44	0.28861021948000
11.46	0.23484059480000
11.48	0.07182369646000
11.5	0.16111512800000
11.52	0.24883109832000
11.54	0.23525867836000
11.56	0.22086028844000
11.58	-0.03587666802800
11.6	-0.21356931904000
11.62	-0.33008206920000
11.64	-0.35816504784000
11.66	-0.28485766460000
11.68	-0.32265853672000
11.7	-0.02284265811600
11.72	0.37824325588000
11.74	0.35265858144000
11.76	0.18568008644000
11.78	0.36534384848000
11.8	-0.05721218589600
11.82	-0.34601003312000
11.84	-0.60299885944000
11.86	-0.54531352532000
11.88	-0.48971860900000
11.9	-0.58712188132000
11.92	0.10215514888000
11.94	0.27306974764000
11.96	0.55877377652000
11.98	0.54147939316000
12	0.26059862096000
12.02	-0.01649696544800
12.04	-0.09575541126400
12.06	-0.09386587751600
12.08	-0.15924904772000
12.1	-0.16571404716000
12.12	-0.05010884424000
12.14	0.01098743990000
12.16	0.24483381160000
12.18	0.39528271024000
12.2	0.47004828736000
12.22	0.52648956796000
12.24	0.45360026828000
12.26	0.44413730380000
12.28	0.45237660908000
12.3	0.37379729412000
12.32	0.28568363456000
12.34	0.20462640972000
12.36	0.12747469716000
12.38	0.18291665608000
12.4	0.25737631840000
12.42	0.05211666504400
12.44	0.00107396489120
12.46	-0.21962643208000
12.48	-0.38796114936000
12.5	-0.26125123920000
12.52	-0.29168976180000
12.54	-0.23435113112000
12.56	-0.14528913568000
12.58	-0.16872220936000
12.6	-0.24591471056000
12.62	-0.39703662176000
12.64	-0.46863088212000
12.66	-0.44808360472000
12.68	-0.21369168496000
12.7	0.05032910289600
12.72	0.57567047064000
12.74	0.56814496656000
12.76	0.30220303376000
12.78	-0.09838729826000
12.8	-0.23767540528000
12.82	-0.35884825756000
12.84	-0.20825659868000
12.86	-0.00378538973520
12.88	0.17498326560000
12.9	0.42369199800000
12.92	0.35043560056000
12.94	0.45999388760000
12.96	0.44237319512000
12.98	0.31380740184000
13	0.21922874284000
13.02	0.40337925528000
13.04	0.31600998840000
13.06	0.13905867092000
13.08	-0.01193373634800
13.1	-0.15707705264000
13.12	-0.18677118256000
13.14	-0.07471561103600
13.16	0.09993624686400
13.18	0.23725732172000
13.2	0.26303574220000
13.22	0.01522945846000
13.24	0.33456881960000
13.26	0.12600630612000
13.28	-0.05027199880000
13.3	-0.31265512276000
13.32	-0.35631936188000
13.34	-0.31950761428000
13.36	-0.33978976552000
13.38	0.13811033504000
13.4	0.19593842940000
13.42	-0.04352351831200
13.44	-0.24220294432000
13.46	-0.22356253584000
13.48	-0.51985121680000
13.5	-0.55821293272000
13.52	-0.63996356444000
13.54	-0.07696408481600
13.56	0.24066317316000
13.58	0.41007878940000
13.6	0.30917789120000
13.62	-0.05675433341200
13.64	0.00738335566960
13.66	-0.03213736945600
13.68	0.16614232788000
13.7	0.74007928132000
13.72	0.76005551776000
13.74	0.51088791316000
13.76	0.48644532064000
13.78	0.45643507876000
13.8	0.50066016168000
13.82	0.26300515072000
13.84	0.07295762065200
13.86	0.11625782116000
13.88	0.44109855012000
13.9	0.48315163796000
13.92	0.40849822960000
13.94	0.06572987364400
13.96	-0.04551298422800
13.98	-0.14693087844000
14	-0.19051354028000
14.02	-0.20917434308000
14.04	0.35663547384000
14.06	0.44291364460000
14.08	0.40379733884000
14.1	0.42198907228000
14.12	0.38900125968000
14.14	0.11930677200000
14.16	0.16716204388000
14.18	0.18226403784000
14.2	0.18586363532000
14.22	0.12912663708000
14.24	-0.01603605381600
14.26	-0.11594170920000
14.28	-0.19456181280000
14.3	-0.30460956352000
14.32	-0.09932135811600
14.34	0.28745794040000
14.36	0.41410666760000
14.38	0.43248194992000
14.4	0.30321255260000
14.42	0.12410963436000
14.44	0.05677268830000
14.46	0.00769447102120
14.48	-0.07537332785600
14.5	-0.13859979872000
14.52	-0.19768214376000
14.54	-0.35891963768000
14.56	-0.35047638920000
14.58	0.01797453393200
14.6	0.16874260368000
14.62	0.02450785434400
14.64	-0.10120885243200
14.66	0.01893102754000
14.68	0.04459014124800
14.7	0.16823274568000
14.72	0.11179146508000
14.74	-0.02382362490800
14.76	0.04546811672400
14.78	-0.10341959672000
14.8	-0.28896712008000
14.82	-0.22428653420000
14.84	-0.00834892475000
14.86	-0.12245769444000
14.88	-0.03911732547600
14.9	-0.00478063255120
14.92	-0.07181655844800
14.94	-0.36038802872000
14.96	-0.48375327040000
14.98	-0.42073482160000
15	-0.31444982292000
15.02	-0.09984549214000
15.04	0.17006823448000
15.06	0.39909644808000
15.08	0.38054781404000
15.1	0.15322252616000
15.12	-0.06677814169200
15.14	-0.22121718904000
15.16	-0.27396709772000
15.18	0.03468156087600
15.2	0.18982013340000
15.22	0.24014311800000
15.24	0.13070719688000
15.26	-0.01479607916000
15.28	-0.13978266928000
15.3	-0.16175754908000
15.32	-0.07581486488400
15.34	-0.01717915545200
15.36	0.03871147850800
15.38	-0.04243242219200
15.4	-0.12040806528000
15.42	-0.10104569787200
15.44	-0.08412657000000
15.46	-0.13733535088000
15.48	-0.03567068539600
15.5	-0.09987506390400
15.52	-0.12511915320000
15.54	-0.15149920612000
15.56	-0.19287928140000
15.58	-0.08930876671200
15.6	-0.12313070700000
15.62	-0.19998670192000
15.64	-0.24120362264000
15.66	-0.36083670376000
15.68	-0.38959269496000
15.7	-0.38185305052000
15.72	-0.19841633928000
15.74	0.00594586202440
15.76	0.11818508440000
15.78	0.14267866272000
15.8	-0.00434082904040
15.82	-0.09994746374000
15.84	-0.06196916103600
15.86	0.12470106964000
15.88	0.21281472920000
15.9	0.18632250752000
15.92	0.11616604672000
15.94	0.09809565948400
15.96	0.17443261896000
15.98	0.13148218104000
16	-0.01667337631600
16.02	0.05408879578800
16.04	0.02318120382800
16.06	-0.19666242776000
16.08	-0.28094195516000
16.1	-0.30291683496000
16.12	-0.13653997240000
16.14	0.03344668480000
16.16	-0.02147725839200
16.18	0.00855154231920
16.2	0.01065603220000
16.22	-0.02005679400400
16.24	-0.10441891840000
16.26	0.05095622823600
16.28	0.07701812976400
16.3	0.00892149528400
16.32	0.00646775267320
16.34	0.01327772203600
16.36	-0.04061834742800
16.38	-0.01518357124000
16.4	-0.11321906748000
16.42	-0.21416075432000
16.44	-0.20560533708000
16.46	-0.08880808615600
16.48	-0.10771260108000
16.5	-0.11841961908000
16.52	-0.08646579850400
16.54	-0.15362021540000
16.56	-0.15287582272000
16.58	-0.22637695200000
16.6	-0.22155369532000
16.62	-0.06890934813200
16.64	0.04314724310800
16.66	0.08947090155600
16.68	0.19061551188000
16.7	0.16634627108000
16.72	0.12978945248000
16.74	0.01536304125600
16.76	-0.07963064215600
16.78	-0.05976249561200
16.8	0.05185765718000
16.82	-0.00165846610240
16.84	0.05354528716000
16.86	-0.03649053706000
16.88	-0.05884883007600
16.9	-0.12564940552000
16.92	-0.20230145724000
16.94	-0.17421847860000
16.96	-0.08835635196800
16.98	-0.10687643396000
17	-0.10799812156000
17.02	-0.00369188177800
17.04	-0.16572424432000
17.06	-0.15756651632000
17.08	-0.14252570532000
17.1	-0.13462290632000
17.12	-0.15038771568000
17.14	-0.03899088069200
17.16	0.10837541648000
17.18	0.04694772464000
17.2	0.04916050836000
17.22	0.05602523647200
17.24	-0.01914720733200
17.26	0.10825305056000
17.28	0.12115245796000
17.3	0.14751211656000
17.32	0.15191728968000
17.34	0.14922523944000
17.36	0.12591453168000
17.38	0.23261761392000
17.4	0.07631860458800
17.42	0.00983872982600
17.44	-0.06887263835600
17.46	-0.10545902872000
17.48	-0.05555820654400
17.5	0.01474509336000
17.52	-0.00778726517720
17.54	-0.09631829449600
17.56	-0.00009366907233
17.58	0.02492491818800
17.6	0.01078757556400
17.62	-0.03183961238400
17.64	-0.12133600684000
17.66	-0.11400424880000
17.68	-0.20829738732000
17.7	-0.30199909056000
17.72	-0.22685621852000
17.74	0.00347549804280
17.76	0.07662349967200
17.78	0.03230358316400
17.8	0.03486714918800
17.82	0.09770510825600
17.84	0.10893626028000
17.86	0.00364415906920
17.88	-0.02727842271600
17.9	-0.15630206848000
17.92	-0.13721298496000
17.94	-0.24949391372000
17.96	-0.12548625096000
17.98	-0.05363910103200
18	0.06675264879200
18.02	0.05573155826400
18.04	0.01391300510400
18.06	-0.02430595057600
18.08	0.02085013305200
18.1	0.02166998471600
18.12	-0.12933058028000
18.14	-0.13418442844000
18.16	0.00623026081680
18.18	0.06943756102000
18.2	-0.07150962393200
18.22	-0.10106915134000
18.24	-0.10709057432000
18.26	-0.05059932763600
18.28	-0.14976568892000
18.3	-0.17431025304000
18.32	0.02361764227600
18.34	0.04791033654400
18.36	0.04577097237600
18.38	-0.04320536692000
18.4	-0.07162179269200
18.42	-0.05625671200400
18.44	0.00526693511160
18.46	0.13491862396000
18.48	0.20644150420000
18.5	0.29122069244000
18.52	0.34205353504000
18.54	0.23721653308000
18.56	0.26072098688000
18.58	0.25848780884000
18.6	0.27250890384000
18.62	0.30048991088000
18.64	0.28647901304000
18.66	0.34905898396000
18.68	0.39993261520000
18.7	0.29766529756000
18.72	0.11826666168000
18.74	0.08030365471600
18.76	0.19223686032000
18.78	0.13128843500000
18.8	0.09183664267600
18.82	0.04116695463600
18.84	-0.07721085608800
18.86	-0.08153445192800
18.88	0.04774820170000
18.9	0.09131352836800
18.92	0.16299140544000
18.94	0.23463665160000
18.96	0.22621379744000
18.98	0.13383772500000
19	0.06946713278400
19.02	-0.04026450597600
19.04	-0.13140060376000
19.06	-0.12920821436000
19.08	-0.01886780514800
19.1	-0.09454296894000
19.12	-0.11156712756000
19.14	-0.05457214117200
19.16	-0.11013952516000
19.18	-0.21022465056000
19.2	-0.13674391560000
19.22	-0.15298799148000
19.24	-0.12591453168000
19.26	-0.07669589950800
19.28	-0.05679818120000
19.3	0.05203100890000
19.32	0.21676103012000
19.34	0.21059174832000
19.36	0.18400775220000
19.38	0.12288597516000
19.4	0.14805256604000
19.42	-0.08164254182400
19.44	0.02848474674400
19.46	0.05855005328800
19.48	-0.12539447652000
19.5	-0.08664220937200
19.52	0.14546248740000
19.54	0.18572087508000
19.56	0.30940222872000
19.58	0.35402500088000
19.6	0.19476575600000
19.62	0.10373570868000
19.64	-0.02197895866400
19.66	-0.16221642128000
19.68	-0.24092829932000
19.7	-0.19066649768000
19.72	-0.03733894077200
19.74	0.02282124408000
19.76	0.02088480339600
19.78	0.02013327270400
19.8	0.10384787744000
19.82	0.01256494055200
19.84	-0.04846200290000
19.86	-0.04129645856800
19.88	0.05530837612400
19.9	0.02701227684000
19.92	-0.06836481978800
19.94	-0.03865539412800
19.96	-0.08490563302400
19.98	-0.14360660428000
20	-0.10319525920000
20.02	-0.17150603404000
20.04	-0.07068977226800
20.06	0.12958550928000
20.08	0.25283858220000
20.1	0.31893657332000
20.12	0.34924253284000
20.14	0.19962980132000
20.16	0.00520310089000
20.18	0.03162649174000
20.2	0.04970911556800
20.22	0.03627231783600
20.24	0.07830501135600
20.26	0.06225570123200
20.28	0.10098655434400
20.3	0.07608814877200
20.32	-0.15248833064000
20.34	-0.46261455772000
20.36	-0.29732879128000
20.38	-0.09857288657200
20.4	0.00575823428040
20.42	-0.00842754485360
20.44	0.11839922476000
20.46	0.07239983600000
20.48	-0.20734905144000
20.5	-0.27179510264000
20.52	-0.21530283624000
20.54	-0.12974866384000
20.56	-0.06871764152400
20.58	-0.03147557377200
20.6	-0.04444126271200
20.62	-0.01662544966400
20.64	-0.08977987550400
20.66	-0.20307644140000
20.68	-0.30303920088000
20.7	-0.19742721476000
20.72	-0.23370871004000
20.74	-0.18116274456000
20.76	0.02816047705600
20.78	0.05447730758400
20.8	-0.04730054637600
20.82	-0.10477581900000
20.84	-0.01517439379600
20.86	-0.13892610784000
20.88	-0.16384796688000
20.9	-0.03645382728400
20.92	-0.01138512914000
20.94	-0.07746272594000
20.96	-0.02057888859600
20.98	0.09178055829600
21	0.20294387832000
21.02	0.06156331406800
21.04	-0.12627143228000
21.06	-0.19768214376000
21.08	-0.14044548468000
21.1	-0.06582980581200
21.12	-0.01087731057200
21.14	0.02171893108400
21.16	0.00757893719840
21.18	0.02180152808000
21.2	0.01715774141600
21.22	0.09058647086000
21.24	0.14208722744000
21.26	0.07884342140400
21.28	0.09005519882400
21.3	0.10056643135200
21.32	0.14657397784000
21.34	0.09109836829200
21.36	0.00875783086600
21.38	-0.07276999290800
21.4	-0.10398044052000
21.42	-0.08037809398400
21.44	0.01123727032000
21.46	-0.01040620178000
21.48	0.09983325554800
21.5	0.10575474636000
21.52	0.06995659646400
21.54	-0.03225259736400
21.56	0.00499681234320
21.58	-0.00854807528480
21.6	-0.08505859042400
21.62	-0.14990844916000
21.64	-0.19187995972000
21.66	-0.16057467852000
21.68	-0.03469481718400
21.7	0.03818428533600
21.72	0.18014302856000
21.74	0.14956174572000
21.76	0.11180166224000
21.78	0.11797094404000
21.8	-0.01365909582000
21.82	-0.15185610672000
21.84	-0.24434434792000
21.86	0.10003821846400
21.88	0.07943077782000
21.9	-0.03011935149200
21.92	0.04472780290800
21.94	0.02584470202000
21.96	-0.04925738138000
21.98	-0.12753588012000
22	-0.09333868434400
22.02	0.03621725317200
22.04	0.01217336960800
22.06	-0.07133933136000
22.08	-0.01045106928400
22.1	0.02021892884800
22.12	-0.01592796392000
22.14	0.02725496924800
22.16	-0.08348108977200
22.18	-0.05422339830000
22.2	-0.11796074688000
22.22	-0.12387509968000
22.24	-0.11142436732000
22.26	-0.05938214154400
22.28	0.03996368975600
22.3	0.20127154408000
22.32	0.22588748832000
22.34	0.14487105212000
22.36	0.03181921806400
22.38	0.00169323841800
22.4	-0.02035557079200
22.42	0.09052018932000
22.44	0.13623405760000
22.46	0.17060868396000
22.48	0.16187991500000
22.5	0.14358620996000
22.52	0.07555177815600
22.54	0.06953749318800
22.56	-0.03539944094000
22.58	-0.07825708470400
22.6	-0.05124888672800
22.62	-0.03012445007200
22.64	-0.02381648689600
22.66	-0.05024242703600
22.68	0.03631208676000
22.7	0.07443416942000
22.72	0.12545565948000
22.74	0.04226009018800
22.76	0.03140113450400
22.78	0.07873023292800
22.8	0.03087088218400
22.82	-0.06377405835600
22.84	-0.09716261934400
22.86	-0.01903095970800
22.88	-0.01839465692400
22.9	-0.06663028287200
22.92	-0.06304700084800
22.94	-0.06673021504000
22.96	-0.10946651260000
22.98	-0.28843686776000
23	-0.26193444892000
23.02	-0.23565636760000
23.04	-0.03072710222800
23.06	0.02991132942800
23.08	0.12014293912000
23.1	0.05683693040800
23.12	-0.03800685475200
23.14	0.00770436226640
23.16	0.06410138719200
23.18	0.08679822592000
23.2	0.09078633519600
23.22	0.03174579851200
23.24	-0.02612614363600
23.26	-0.04771455107200
23.28	-0.03100752412800
23.3	0.08836043083200
23.32	0.15097915096000
23.34	0.17935784724000
23.36	0.22918117100000
23.38	0.20621716668000
23.4	0.17583982704000
23.42	0.14165894672000
23.44	0.16626469380000
23.46	0.11867454808000
23.48	0.04042562110400
23.5	0.00112189154320
23.52	-0.03797524355600
23.54	-0.12143797844000
23.56	-0.18686295700000
23.58	-0.12970787520000
23.6	-0.12465008384000
23.62	-0.08917008533600
23.64	0.08717144197600
23.66	0.09258001564000
23.68	-0.01814992508400
23.7	-0.10179009055200
23.72	-0.09902564047600
23.74	-0.14225038200000
23.76	-0.08404805186800
23.78	0.00745850873880
23.8	0.09298382317600
23.82	0.07154633370800
23.84	0.01830288248400
23.86	-0.01091605978000
23.88	-0.00029129207256
23.9	0.07607183331600
23.92	0.10549981736000
23.94	0.11217895716000
23.96	0.15788262828000
23.98	0.10690702544000
24	0.02076447690800
24.02	-0.02342491595200
24.04	0.07890664379600
24.06	0.09116057096800
24.08	0.06900418172000
24.1	0.03113090976400
24.12	0.11044543996000
24.14	0.12904505980000
24.16	0.08519931123200
24.18	0.10213475456000
24.2	0.17926607280000
24.22	0.07761568334000
24.24	0.01977433267200
24.26	-0.06608065594800
24.28	-0.04623392344000
24.3	-0.02379609257600
24.32	0.01264651783200
24.34	0.07597903916000
24.36	0.12483363272000
24.38	0.08844404754400
24.4	0.05301809398800
24.42	0.02039228056800
24.44	0.03023152025200
24.46	-0.03198849092000
24.48	-0.09529042076800
24.5	-0.13089074576000
24.52	-0.14236255076000
24.54	-0.18766853264000
24.56	-0.23925596508000
24.58	-0.21852513880000
24.6	-0.14390232192000
24.62	-0.05106737728000
24.64	0.01832633595200
24.66	-0.00618090656240
24.68	-0.05575705116400
24.7	-0.08974418544400
24.72	-0.19133951024000
24.74	-0.25839603440000
24.76	-0.23355575264000
24.78	-0.16077862172000
24.8	-0.08676355557600
24.82	-0.05312414445200
24.84	-0.07516734522400
24.86	-0.10031252206800
24.88	-0.11805252132000
24.9	-0.05245623047200
24.92	-0.02123150683600
24.94	-0.01406800193600
24.96	-0.01722810182000
24.98	-0.03270841041600
25	-0.09129211433200
25.02	-0.11584993476000
25.04	-0.13969089484000
25.06	-0.07015544108400
25.08	-0.01901770340000
25.1	0.02005271514000
25.12	0.04441475009600
25.14	0.00743689075960
25.16	0.00437029883280
25.18	-0.00165693652840
25.2	0.03276143564800
25.22	0.08292942341600
25.24	0.10908921768000
25.26	0.12041826244000
25.28	0.10169117810000
25.3	0.04671624910800
25.32	0.02776278781600
25.34	0.00661632529440
25.36	0.00427444552880
25.38	-0.01713938652800
25.4	-0.03590623979200
25.42	-0.05163535909200
25.44	-0.01609519734400
25.46	0.07540697848400
25.48	0.08506572843600
25.5	0.07059289924800
25.52	0.03339263985200
25.54	0.04803576161200
25.56	0.06857182213600
25.58	0.04198986544800
25.6	0.02259588684400
25.62	0.00324177913560
25.64	0.04317885430400
25.66	0.00563933539480
25.68	0.03448883455200
25.7	0.05592326487200
25.72	0.04734745331200
25.74	0.01286167790800
25.76	-0.03575430210800
25.78	-0.01001962744440
25.8	0.03122880250000
25.82	0.02822573888000
25.84	-0.01197758413600
25.86	-0.00388736133520
25.88	-0.03687598970800
25.9	-0.12027550220000
25.92	-0.14874597292000
25.94	-0.11957189816000
25.96	-0.09821292682400
25.98	-0.04544874212000
26	-0.00552033453760
26.02	0.03966083410400
26.04	-0.01145956840800
26.06	-0.01450342066800
26.08	-0.03254321642400
26.1	-0.04946642316000
26.12	-0.04461155528400
26.14	-0.00364344526800
26.16	0.01958160634800
26.18	0.03162751145600
26.2	0.02637699377200
26.22	-0.00624361909640
26.24	-0.01364991837600
26.26	-0.05325568781600
26.28	-0.08418571352800
26.3	-0.07172478400800
26.32	-0.07869046400400
26.34	0.03762140210400
26.36	0.03684743766000
26.38	0.03561154186800
26.4	0.10601987252000
26.42	0.12190704780000
26.44	0.05344739442400
26.46	0.05554291080400
26.48	0.09707594348400
26.5	0.09281862918400
26.52	0.07014218477600
26.54	0.05328933844400
26.56	0.03686069396800
26.58	0.02771995974400
26.6	0.03602146770000
26.62	0.05730498005200
26.64	0.07974485034800
26.66	0.02560098989600
26.68	0.01164311728800
26.7	0.00711364078760
26.72	-0.01722504267200
26.74	0.03419311691200
26.76	0.05540830829200
26.78	-0.03543717043200
26.8	-0.02742118295600
26.82	-0.08344030113200
26.84	-0.08421732472400
26.86	-0.00992734314640
26.88	0.06093516901200
26.9	0.09689443403600
26.92	0.14768546828000
26.94	0.11692063656000
26.96	0.09041617828800
26.98	0.04929001229200
27	0.02534198203200
27.02	0.02560914762400
27.04	0.04413330848000
27.06	0.04750448957600
27.08	0.04212038909600
27.1	-0.01638071782400
27.12	-0.05188315008000
27.14	-0.07363879094000
27.16	0.02469548208800
27.18	0.06390152285600
27.2	0.11943933508000
27.22	0.11764463492000
27.24	0.10915040064000
27.26	0.07370507248000
27.28	0.04986819126400
27.3	0.07338080279200
27.32	0.09423399499200
27.34	0.07385599044800
27.36	0.04706397226400
27.38	0.02132022212800
27.4	0.04042664082000
27.42	0.03962004546400
27.44	0.00675327315320
27.46	-0.04730870410400
27.48	-0.05784950839600
27.5	-0.04516730050400
27.52	-0.04514282732000
27.54	-0.02520126122400
27.56	-0.01782361596400
27.58	-0.02089703998800
27.6	0.01720668778400
27.62	-0.03977912116000
27.64	-0.10171055270400
27.66	-0.12706681076000
27.68	-0.01081816704400
27.7	0.02844599753600
27.72	0.07227033206800
27.74	0.07254973425200
27.76	0.06783150832000
27.78	0.03552588572400
27.8	-0.02749766165600
27.82	-0.05848071260000
27.84	-0.07453512130400
27.86	-0.06415645185600
27.88	-0.06080056650000
27.9	-0.03686783198000
27.92	-0.02319649956800
27.94	-0.00947958585080
27.96	0.03609896611600
27.98	-0.00546659550440
28	-0.00553410070360
28.02	-0.00575323767200
28.04	-0.05404698743200
28.06	-0.09324385075600
28.08	-0.09467553202000
28.1	-0.04498579105600
28.12	-0.04351638030000
28.14	-0.03870943907600
28.16	-0.01495617457200
28.18	-0.02535523834000
28.2	-0.08711229844800
28.22	-0.05422339830000
28.24	-0.04388449777600
28.26	-0.02146400208400
28.28	0.01374169281600
28.3	0.03984540270000
28.32	0.06431246840400
28.34	0.04013500204400
28.36	0.03821283738400
28.38	0.01922368603200
28.4	-0.01586474152800
28.42	0.00814039282800
28.44	0.04477674927600
28.46	0.04688348253200
28.48	0.07415884610000
28.5	0.12955491780000
28.52	0.14189348140000
28.54	0.03575838097200
28.56	-0.06325910177600
28.58	-0.08610583875600
28.6	-0.06752865266800
28.62	-0.07398141551600
28.64	-0.08064933844000
28.66	-0.01605236927200
28.68	-0.00211407521120
28.7	-0.01631035742000
28.72	0.01444427714000
28.74	0.04040114792000
28.76	0.03208230479200
28.78	-0.04527131153600
28.8	-0.09550456112800
28.82	-0.11936795496000
28.84	-0.12818849836000
28.86	-0.12548625096000
28.88	-0.08002935111200
28.9	-0.05870810926800
28.92	-0.01111898326400
28.94	0.02416013118800
28.96	0.03459590473200
28.98	0.01616351831600
29	-0.02357073534000
29.02	-0.07888115089600
29.04	-0.09066804814000
29.06	-0.08118061047600
29.08	-0.07121084714400
29.1	0.02500649546800
29.12	0.06477236032000
29.14	0.08942807348400
29.16	0.00786986217320
29.18	-0.02117746188800
29.2	-0.01445447430000
29.22	-0.00809889038680
29.24	0.01794292273600
29.26	-0.00673756952680
29.28	-0.03441439528400
29.3	-0.03530766650000
29.32	-0.07344504490000
29.34	-0.07770031976800
29.36	-0.08292636426800
29.38	-0.07213165069200
29.4	-0.05370130370800
29.42	-0.06351403077600
29.44	-0.06540866310400
29.46	-0.02572131638400
29.48	-0.03435729118800
29.5	-0.09516499570000
29.52	-0.08550624574800
29.54	-0.06068431887600
29.56	-0.03523220751600
29.58	-0.02984198874000
29.6	-0.00732584368720
29.62	-0.03152248070800
29.64	-0.03177944914000
29.66	-0.02877434608800
29.68	-0.02653708918400
29.7	-0.02658909470000
29.72	-0.05432944876400
29.74	-0.02038514255600
29.76	-0.00541652744880
29.78	0.00684994223000
29.8	0.05866834034400
29.82	0.10481660764000
29.84	0.02788617345200
29.86	0.00291995676600
29.88	0.02984402817200
29.9	0.04210815250400
29.92	0.04405173120000
29.94	0.05486276023200
29.96	0.09370782153600
29.98	0.10599947820000
30	0.04300856173200
30.02	0.04409965785200
30.04	0.06720642241200
30.06	0.03918870559600
30.08	0.00741241757560
30.1	-0.01122401401200
30.12	-0.01105882002000
30.14	0.01330015578800
30.16	0.05372271774400
30.18	0.03856158025600
30.2	0.03025905258400
30.22	0.01018890030040
30.24	-0.01635522492400
30.26	-0.05314963735200
30.28	-0.02550615630800
30.3	0.01299831985200
30.32	0.01462782602000
30.34	-0.00466336521120
30.36	-0.03438890238400
30.38	-0.07688250753600
30.4	-0.11770581788000
30.42	-0.07844267301600
30.44	-0.01873932093200
30.46	0.04689164026000
30.48	0.06732878833200
30.5	0.07581996346400
30.52	0.07183491333600
30.54	0.07509596510400
30.56	0.07540187990400
30.58	0.04835799186800
30.6	0.03135116842000
30.62	0.03522812865200
30.64	0.03706157802000
30.66	0.03943649658400
30.68	0.03290521560400
30.7	0.05174956728400
30.72	0.05485562222000
30.74	0.01350817785200
30.76	0.03461222018800
30.78	0.02437835041200
30.8	0.02551125488800
30.82	0.02877536580400
30.84	0.05783421265600
30.86	0.05493923893200
30.88	0.05506466400000
30.9	0.04391916812000
30.92	0.00497315493200
30.94	-0.00186393887640
30.96	0.00534229212400
30.98	0.01280763296000
31	-0.01075596436800
31.02	-0.03623560806000
31.04	0.00456210741240
31.06	0.03936307703200
31.08	0.06171831090000
31.1	0.07623600759200
31.12	0.08238999365200
31.14	0.09912149378000
31.16	0.06838011552800
31.18	0.07491343594000
31.2	0.06439914426400
31.22	0.04788076478000
31.24	0.03229644515200
31.26	0.03199970779600
31.28	-0.00324534814160
31.3	-0.02542151988000
31.32	-0.01068050538400
31.34	0.02033619618800
31.36	0.02740894636400
31.38	0.04639503856800
31.4	0.03946096976800
31.42	0.02350241436800
31.44	-0.00413454049360
31.46	-0.01779200476800
31.48	-0.00533362453800
31.5	-0.04140658789600
31.52	-0.07834579999600
31.54	-0.03894805262000
31.56	-0.02237868733600
31.58	-0.04836105101600
31.6	-0.05667479556400
31.62	-0.02323626849200
31.64	0.00053356639700
31.66	-0.02976245089200
31.68	-0.05159253102000
31.7	0.00684209041680
31.72	0.00979182289000
31.74	0.02112035779200
31.76	0.02536339606800
31.78	0.03713193842400
31.8	0.05914658714800
31.82	0.05941885132000
31.84	0.05371557973200
31.86	0.00938230494440
31.88	-0.01654693153200
31.9	0.01491028735200
31.92	0.00153232723320
31.94	-0.01257921657600
31.96	0.04917070552000
31.98	0.03469175803600
32	0.00479929335400
32.02	-0.03199460921600
32.04	-0.01410675114400
32.06	-0.00133032149360
32.08	0.00386778278800
32.1	0.02360030710400
32.12	0.06489166709200
32.14	0.05813604859200
32.16	-0.00949549342040
32.18	-0.01915434534400
32.2	-0.00236145831280
32.22	-0.01421280160800
32.24	-0.04320230777200
32.26	-0.04355309007600
32.28	-0.03614791248400
32.3	-0.02389704446000
32.32	0.01031340762400
32.34	0.00925759367760
32.36	0.01112408184400
32.38	0.01613802541600
32.4	-0.03136442472800
32.42	-0.08567755803600
32.44	-0.08146409152400
32.46	-0.05443753866000
32.48	-0.05286411687200
32.5	-0.07824484811200
32.52	-0.08269896760000
32.54	-0.06747664715200
32.56	-0.02335251611600
32.58	0.02642084156000
32.6	0.01957752748400
32.62	0.03739400543600
32.64	-0.00026606429872
32.66	-0.05227778017200
32.68	-0.07289031939600
32.7	-0.04516832022000
32.72	-0.03202724012800
32.74	-0.03689944317600
32.76	-0.01454522902400
32.78	0.01547826916400
32.8	-0.00741435503600
32.82	-0.03917748872000
32.84	-0.02399901606000
32.86	-0.01715264283600
32.88	0.01586780067600
32.9	0.05221353806400
32.92	0.07038487718400
32.94	0.03091065110800
32.96	-0.00506227811040
32.98	-0.01623183928800
33	-0.04635424992800
33.02	-0.04441678952800
33.04	-0.00064824365836
33.06	0.01237935224000
33.08	-0.03223730162400
33.1	-0.06961601132000
33.12	-0.06292667436000
33.14	-0.01914516790000
33.16	-0.01574645447200
33.18	-0.03710848495600
33.2	-0.03978320002400
33.22	0.00697271603640
33.24	-0.00325554530160
33.26	-0.02884266706000
33.28	-0.05305072490000
33.3	-0.04623392344000
33.32	-0.04623902202000
33.34	-0.03614995191600
33.36	0.01157071745200
33.38	0.05469552680800
33.4	0.01969377510800
33.42	-0.03296741828000
33.44	-0.03745008981600
33.46	-0.05067172747200
33.48	-0.06084237485600
33.5	-0.02316896723600
33.52	0.00444127106640
33.54	0.01323081510000
33.56	-0.02789535089600
33.58	-0.00316173142960
33.6	-0.00193246379160
33.62	-0.04378150646000
33.64	-0.04640931459200
33.66	-0.05389912861200
33.68	-0.07177576980800
33.7	-0.03799461816000
33.72	-0.00566605195400
33.74	-0.01486643956400
33.76	-0.04879646974800
33.78	-0.00978519473600
33.8	0.00267583675560
33.82	-0.01913701017200
33.84	0.00946306645160
33.86	0.02631275166400
33.88	0.01463700346400
33.9	0.00489208751000
33.92	0.03250650664800
33.94	0.03327843166000
33.96	-0.00126975036320
33.98	-0.02384503894400
34	-0.00867339838120
34.02	-0.03348441429200
34.04	-0.04975194364000
34.06	-0.00693406880000
34.08	0.00165051231760
34.1	-0.00816731333040
34.12	0.01625529275600
34.14	0.04867410382800
34.16	0.06982403338400
34.18	0.03838312995600
34.2	0.01707004584000
34.22	0.00648957459560
34.24	-0.01486541984800
34.26	-0.01062646043600
34.28	0.00294045305760
34.3	0.03682704334000
34.32	0.04726791546400
34.34	0.02244190972800
34.36	0.03399835115600
34.38	0.03965675524000
34.4	0.01795821847600
34.42	-0.00662427907920
34.44	0.03256972904000
34.46	0.04385900487600
34.48	0.01580763743200
34.5	-0.01293305802800
34.52	0.00485619350680
34.54	0.01546807200400
34.56	-0.00392611054320
34.58	0.02144360776400
34.6	0.01177670008400
34.62	0.00678396660480
34.64	0.00224551660360
34.66	0.01532735119600
34.68	0.00206217166680
34.7	-0.00303406298640
34.72	0.03034470872800
34.74	0.04415268308400
34.76	0.03782840445200
34.78	0.04542120978800
34.8	0.04999361633200
34.82	0.04438721776400
34.84	-0.01116792963200
34.86	0.03801195333200
34.88	0.05800450522800
34.9	0.06962212961600
34.92	0.05811259512400
34.94	0.04757586969600
34.96	0.02011695724800
34.98	0.03554526032800
35	0.04413738734400
35.02	0.05466595504400
35.04	0.04831312436400
35.06	0.03703200625600
35.08	0.01809078155600
35.1	0.00742220684920
35.12	0.03551670828000
35.14	0.07021662404400
35.16	0.07163606871600
35.18	0.03777741865200
35.2	0.01937664343200
35.22	0.02903947224800
35.24	0.03975566769200
35.26	0.04955921731600
35.28	0.07318297788800
35.3	0.06622443590400
35.32	0.05544093920400
35.34	0.02282124408000
35.36	-0.00173922760960
35.38	0.00596156565080
35.4	0.00726812776160
35.42	0.00369330938040
35.44	0.01191130259600
35.46	0.00435806224080
35.48	-0.00373929857200
35.5	-0.01586474152800
35.52	-0.01904727516400
35.54	0.00169966262880
35.56	-0.00353678297440
35.58	-0.02838379486000
35.6	-0.05276316498800
35.62	-0.06430125152800
35.64	-0.07892193953600
35.66	-0.05050653348000
35.68	-0.03252486153600
35.7	-0.03035184674000
35.72	-0.02830425701200
35.74	-0.02683586597200
35.76	-0.02620160262000
35.78	-0.04307790242000
35.8	-0.03674852520800
35.82	-0.05362482500800
35.84	-0.01752483917600
35.86	-0.00654280377080
35.88	-0.00172332004000
35.9	-0.01911355670400
35.92	-0.01050001565200
35.94	-0.02541948044800
35.96	-0.01441266594400
35.98	-0.01475631023600
36	-0.03580936677200
36.02	-0.03326517535200
36.04	-0.02393885281600
36.06	-0.01956325146000
36.08	-0.04433113338400
36.1	-0.05550110244800
36.12	-0.03779475382400
36.14	-0.03674852520800
36.16	-0.04099870149600
36.18	-0.03362717453200
36.2	-0.02483926204400
36.22	-0.01476242853200
36.24	-0.00320721076320
36.26	0.00825235764480
36.28	-0.00519953188400
36.3	0.00031655043788
36.32	-0.01970601170000
36.34	-0.03957415824400
36.36	-0.04125363049600
36.38	-0.01528554284000
36.4	-0.03461222018800
36.42	-0.03650481308400
36.44	-0.01466453579600
36.46	-0.01523659647200
36.48	-0.01186643509200
36.5	-0.00972299206000
36.52	0.00642155953840
36.54	0.01921144944000
36.56	0.01380491520800
36.58	0.02215638924800
36.6	0.02492695762000
36.62	0.00640871111680
36.64	-0.01872606462400
36.66	-0.03577469642800
36.68	0.00342267675400
36.7	0.01454828817200
36.72	0.01928792814000
36.74	0.03089127650400
36.76	-0.00355330237360
36.78	0.00976153732480
36.8	0.01347860608800
36.82	0.00936221653920
36.84	0.01117404792800
36.86	0.01268424732400
36.88	0.00493705698560
36.9	-0.02855714658000
36.92	-0.03434301516400
36.94	-0.00330173843640
36.96	-0.00093594633060
36.98	-0.00721846759240
37	-0.01687935894800
37.02	0.01913395102400
37.04	0.04245791509200
37.06	0.00553185732840
37.08	-0.00710558503120
37.1	-0.03353641980800
37.12	-0.00612155909120
37.14	0.00830946174080
37.16	0.01223149342000
37.18	0.01526004994000
37.2	0.00236217211400
37.22	-0.01373659423600
37.24	-0.05074310759200
37.26	-0.07434035554800
37.28	-0.05643720173600
37.3	-0.02333110208000
37.32	-0.00937343341520
37.34	-0.00236604703480
37.36	0.01305236480000
37.38	-0.01911457642000
37.4	-0.04204696954400
37.42	0.02312308001600
37.44	0.04942971338400
37.46	0.04684881218800
37.48	0.00823543035920
37.5	-0.00058275749684
37.52	0.00962581312520
37.54	0.01679676195200
37.56	0.03955478364000
37.58	0.05198308224800
37.6	0.05498206700400
37.62	0.03566660653200
37.64	0.00713668636920
37.66	0.01259451231600
37.68	0.03670977600000
37.7	0.02577128246800
37.72	0.02681241250400
37.74	0.01989363944400
37.76	0.03608672952400
37.78	0.02577434161600
37.8	0.02048507472400
37.82	-0.00028479648164
37.84	-0.01088954716400
37.86	-0.00124915210000
37.88	0.00838940747520
37.9	0.02877434608800
37.92	0.05148546084000
37.94	0.02058704632400
37.96	-0.01099049904800
37.98	-0.03949258096400
38	-0.01791742983600
38.02	-0.02005577428800
38.04	-0.01385896015600
38.06	-0.00248260057360
38.08	-0.01624305616400
38.1	-0.01920737057600
38.12	-0.03881243039200
38.14	0.00777982125040
38.16	0.02206869367200
38.18	0.00184874510800
38.2	0.01003318966720
38.22	0.00579321053920
38.24	-0.01414244120400
38.26	0.00557030062160
38.28	0.01600036375600
38.3	0.01461558942800
38.32	0.02127331519200
38.34	0.03698305988800
38.36	0.04495214042800
38.38	0.00148827550200
38.4	-0.03131547836000
38.42	-0.01598404830000
38.44	0.03638142744800
38.46	0.01166555104000
38.48	0.01195413066800
38.5	0.06377609778800
38.52	0.02567542916400
38.54	-0.03760508664800
38.56	-0.02900174275600
38.58	-0.01968969624400
38.6	-0.01712511050400
38.62	-0.00149908449160
38.64	-0.01226514404800
38.66	0.01910030039600
38.68	-0.00967017077120
38.7	-0.01705882896400
38.72	-0.02945143751200
38.74	-0.02817067421600
38.76	-0.02202892474800
38.78	-0.02429575341600
38.8	-0.01972538630400
38.82	-0.00929889217560
38.84	-0.01516521635200
38.86	-0.03126755170800
38.88	-0.03847490439600
38.9	-0.02664517908000
38.92	0.00409487354120
38.94	0.01480729603600
38.96	0.01029607245200
38.98	0.01076208266400
39	0.01094359211200
39.02	0.01063971674400
39.04	-0.00268766546120
39.06	-0.01722198352400
39.08	0.00643787499440
39.1	0.01365603667200
39.12	0.01432089150400
39.14	-0.00196489076040
39.16	-0.01741572956400
39.18	-0.03000718273200
39.2	-0.03340079758000
39.22	0.00420948961960
39.24	0.02460778651200
39.26	0.02772913718800
39.28	0.01406290335600
39.3	0.02551431403600
39.32	0.01669581006800
39.34	0.01016432514480
39.36	0.01300341843200
39.38	0.03822201482800
39.4	0.03151228354800
39.42	0.01452279527200
39.44	-0.00461992530960
39.46	0.00162073661040
39.48	-0.00264555119040
39.5	0.00208521724840
39.52	0.02198609667600
39.54	0.02842764264800
39.56	0.00026604390440
39.58	-0.01904217658400
39.6	-0.03642629495200
39.62	-0.02637495434000
39.64	-0.02071553054000
39.66	-0.02126005888400
39.68	0.00302774074720
39.7	0.00430432320760
39.72	-0.00500262472440
39.74	-0.00430034631520
39.76	0.02857856061600
39.78	0.02106733256000
39.8	-0.00101256779084
39.82	-0.02828794155600
39.84	-0.03640386120000
39.86	-0.03232805634800
39.88	-0.00919263776840
39.9	0.00272845410120
39.92	-0.00065203700188
39.94	-0.01581375572800
39.96	-0.01760335730800
39.98	-0.00553185732840
40	-0.00552859423720
40.02	0.00160737833080
40.04	-0.00931887860920
40.06	-0.03032839327200
40.08	-0.04650006931600
40.1	-0.02340452163200
40.12	-0.02063599269200
40.14	-0.00800589228760
40.16	0.00942197189680
40.18	0.01530083858000
40.2	0.00079646957612
40.22	-0.01528248369200
40.24	-0.02984504788800
40.26	-0.00546761522040
40.28	-0.00495867496480
40.3	-0.00289935850280
40.32	-0.01037968916400
40.34	-0.01901770340000
40.36	-0.02780969475200
40.38	-0.02936680108400
40.4	0.01696603480800
40.42	0.02970840594400
40.44	0.03053029704000
40.46	0.02487801125200
40.48	0.02481682829200
40.5	0.01038070888000
40.52	-0.00098697291924
40.54	0.00629552264080
40.56	0.00240754947600
40.58	0.00080397468588
40.6	0.02351974954000
40.62	0.04038993104400
40.64	0.02327705713200
40.66	-0.00597247661200
40.68	-0.01656018784000
40.7	-0.00351078021640
40.72	-0.03201602325200
40.74	-0.02315163206400
40.76	0.01251599418400
40.78	0.02482090715600
40.8	0.03606531548800
40.82	0.04482977450800
40.84	0.02091947374000
40.86	-0.02019751481200
40.88	0.00474351488880
40.9	0.00844375833800
40.92	0.01906359062000
40.94	0.01947963474800
40.96	0.03761426409200
40.98	0.02568766575600
41	0.00220156684400
41.02	-0.01539567216800
41.04	-0.01607072416000
41.06	-0.01748099138800
41.08	0.00188555685560
41.1	0.04048986321200
41.12	0.05361258841600
41.14	0.02931275613600
41.16	0.02554898438000
41.18	0.00821493406760
41.2	-0.00138783347600
41.22	-0.00517199955200
41.24	0.00064847819304
41.26	0.00274425969920
41.28	0.00069227499524
41.3	0.00652536662720
41.32	0.00062515728812
41.34	0.01054284372400
41.36	0.01299628042000
41.38	-0.00962846438680
41.4	-0.01782055681600
41.42	-0.02350139465200
41.44	-0.02017814020800
41.46	-0.01977229324000
41.48	-0.00574905683640
41.5	0.00759086787560
41.52	0.01456664306000
41.54	0.00703491871240
41.56	0.00019322598484
41.58	0.00786700696840
41.6	0.00846129745320
41.62	0.01333992471200
41.64	0.00604956714160
41.66	-0.01408839625600
41.68	-0.02538277067200
41.7	-0.00549892050160
41.72	-0.02126617718000
41.74	-0.01345413290400
41.76	0.00418226320240
41.78	0.01108329320400
41.8	0.01541504677200
41.82	0.01714346539200
41.84	0.02684300398400
41.86	0.02522675412400
41.88	0.02177093660000
41.9	0.01213156125200
41.92	0.00364273146680
41.94	0.00559895464120
41.96	-0.00604885334040
41.98	0.01358975513200
42	0.00972747881040
42.02	-0.00057287644880
42.04	0.00038951111768
42.06	0.00273926309080
42.08	0.01511423055200
42.1	0.01348268495200
42.12	0.00939168633160
42.14	-0.00038064978564
42.16	-0.00849484610960
42.18	-0.01062034214000
42.2	-0.00539613312880
42.22	-0.00367801364040
42.24	0.02248167865200
42.26	0.03381888114000
42.28	0.03325701762400
42.3	0.00296390652560
42.32	-0.02718052998000
42.34	-0.00375734754520
42.36	0.00033421191900
42.38	0.00758780872760
42.4	-0.00260598620960
42.42	-0.00974348835160
42.44	0.00037104406092
42.46	0.00113280250440
42.48	-0.00052274721024
42.5	-0.01372741679200
42.52	-0.00160248369400
42.54	0.00857989042400
42.56	-0.01932055905200
42.58	-0.03234131265600
42.6	-0.02056767172000
42.62	-0.00505809727480
42.64	-0.00460167239320
42.66	-0.00947601684480
42.68	0.01723829898000
42.7	0.03478455219200
42.72	0.01119138310000
42.74	-0.02038820170400
42.76	-0.01389261078400
42.78	-0.00564943058320
42.8	-0.01298914240800
42.82	-0.01513972345200
42.84	-0.00770466818120
42.86	-0.03093818344000
42.88	-0.03392493160400
42.9	-0.00935426275440
42.92	-0.00367658603800
42.94	-0.00276740725240
42.96	-0.01437595616800
42.98	-0.01514278260000
43	-0.04050413923600
43.02	-0.02095108493600
43.04	-0.00367087562840
43.06	-0.01157479631600
43.08	-0.01955101486800
43.1	-0.02728556072800
43.12	-0.02445482911200
43.14	-0.04257620214800
43.16	-0.01719547090800
43.18	0.00531873668440
43.2	0.01168696507600
43.22	0.00141638552400
43.24	-0.00404449957080
43.26	-0.00710395348560
43.28	-0.01454726845600
43.3	-0.02797386902800
43.32	-0.02011593753200
43.34	-0.01033278222800
43.36	-0.01094869069200
43.38	-0.01296262979200
43.4	0.01540179046400
43.42	0.01010405992920
43.44	-0.02515129514000
43.46	-0.01692422645200
43.48	-0.00958298505320
43.5	-0.00856561440000
43.52	-0.02122538854000
43.54	-0.00427801453480
43.56	-0.00922649233960
43.58	-0.01360403115600
43.6	-0.02193511087600
43.62	-0.01183992247600
43.64	-0.00610279631680
43.66	-0.01582905146800
43.68	-0.00000001166963
43.7	0.02191879542000
43.72	0.01310437031600
43.74	0.01325120942000
43.76	0.01566793634000
43.78	0.00057610894852
43.8	-0.01488683388400
43.82	-0.02672165778000
43.84	-0.02868868994400
43.86	-0.00088768317232
43.88	0.00203443539160
43.9	0.00735623122400
43.92	0.02126107860000
43.94	0.01019144959040
43.96	-0.00014731837052
43.98	0.00695170988680
44	-0.00591924743680
44.02	0.00760667347360
44.04	-0.00050039503552
44.06	-0.00148745972920
44.08	0.00151142305520
44.1	0.01569852782000
44.12	0.02576312474000
44.14	0.02775768923600
44.16	0.01267201073200
44.18	0.01798473109200
44.2	0.01961423726000
44.22	0.01998847303200
44.24	0.00341135790640
44.26	0.00188310953720
44.28	0.01334094442800
44.3	-0.00019439865824
44.32	-0.01134536021600
44.34	-0.00042499723448
44.36	-0.01058261264800
44.38	-0.01454624874000
44.4	0.00485354224520
44.42	0.01176446349200
44.44	0.00468233192880
44.46	0.00308535470120
44.48	0.01226208490000
44.5	0.01756766724800
44.52	0.02266726696400
44.54	0.03245552084800
44.56	0.02271009503600
44.58	0.00716034378040
44.6	0.00824889061040
44.62	-0.00436234504800
44.64	-0.01623897730000
44.66	-0.00103480779680
44.68	0.02075020088400
44.7	0.02254490104400
44.72	0.01737392120800
44.74	0.00813600804920
44.76	0.00167172241040
44.78	-0.00137467913960
44.8	0.01124440833200
44.82	0.02055033654800
44.84	0.03480290708000
44.86	0.01046738474000
44.88	0.00520524229360
44.9	-0.00057749576228
44.92	0.01900240766000
44.94	0.00591506660120
44.96	-0.00728393335960
44.98	0.00166448242680
45	0.00887917707000
45.02	-0.00305863814200
45.04	-0.01495923372000
45.06	0.03174171964800
45.08	0.01242523946000
45.1	0.01432802951600
45.12	0.02087256680400
45.14	0.02225632141600
45.16	0.00662101598800
45.18	-0.00190870440880
45.2	0.00690133591640
45.22	0.00019237962056
45.24	-0.00387451291360
45.26	0.00520595609480
45.28	0.00963764183080
45.3	0.01761151503600
45.32	-0.00914909589520
45.34	-0.00474239320120
45.36	-0.00438763400480
45.38	0.00810460079640
45.4	-0.00747441630840
45.42	-0.00309402228720
45.44	-0.01923796205600
45.46	-0.03002655733600
45.48	-0.02163531437200
45.5	0.00724069740120
45.52	0.01326038686400
45.54	0.00276088107000
45.56	0.00847955036960
45.58	-0.01379777719600
45.6	-0.03531378479600
45.62	-0.03350990719200
45.64	-0.03290725503600
45.66	-0.00104408721240
45.68	-0.01760539674000
45.7	-0.02215638924800
45.72	-0.02408161305600
45.74	-0.01354896649200
45.76	-0.00966915105520
45.78	0.00319905303520
45.8	0.01352959188800
45.82	-0.00109915187640
45.84	-0.00766744854720
45.86	-0.01734638887600
45.88	-0.01355304535600
45.9	-0.01953367969600
45.92	-0.01203264880000
45.94	-0.00917387499400
45.96	-0.00378763311040
45.98	-0.02476278334400
46	-0.02614857738800
46.02	-0.00642828966400
46.04	-0.00611697036920
46.06	-0.02070737281200
46.08	0.00131951250400
46.1	-0.00601489679760
46.12	-0.01160742722800
46.14	-0.01327160374000
46.16	-0.00974093906160
46.18	-0.01699968543600
46.2	-0.00222410256760
46.22	-0.00091680626128
46.24	0.00023665568928
46.26	-0.00590435958320
46.28	-0.00866911557400
46.3	-0.03118903357600
46.32	-0.00698566642960
46.34	-0.01667337631600
46.36	-0.00941921866360
46.38	-0.00801201058360
46.4	-0.00628399985000
46.42	-0.00580085840920
46.44	0.01153094852800
46.46	0.00490269255640
46.48	0.01271381908800
46.5	0.01878928701600
46.52	0.02255713763600
46.54	0.07097733218000
46.56	0.09813848755600
46.58	0.08577035219200
46.6	-0.01987018597600
46.62	-0.25801873948000
46.64	-0.25328725724000
46.66	-0.09877071147600
46.68	0.07942262009200
46.7	0.35333159400000
46.72	0.32584005064000
46.74	0.24996298308000
46.76	0.08200250157200
46.78	-0.13502059556000
46.8	-0.23013970404000
46.82	-0.30205007636000
46.84	-0.10262421824000
46.86	0.13606070588000
46.88	0.16745776152000
46.9	-0.04220094666000
46.92	-0.08879381013200
46.94	-0.07161567439600
46.96	-0.05422237858400
46.98	-0.02307923222800
47	0.04113840258800
47.02	0.06082096082000
47.04	0.01877195184400
47.06	-0.09161740373600
47.08	-0.06895421563600
47.1	-0.00918753918840
47.12	-0.00550738414440
47.14	-0.00337954276720
47.16	0.05051978978800
47.18	0.06486821362400
47.2	-0.00427526130160
47.22	-0.10020953075200
47.24	-0.03559318698000
47.26	-0.00063815866712
47.28	0.07189711601200
47.3	0.07290255598800
47.32	0.00938811732560
47.34	-0.04129747828400
47.36	-0.03458264842400
47.38	0.03440317840800
47.4	0.09261672541600
47.42	0.09637437887600
47.44	0.06083421712800
47.46	0.02131920241200
47.48	-0.02897828928800
47.5	-0.02781479333200
47.52	0.03330290484400
47.54	0.06024686071200
47.56	0.05816052177600
47.58	0.02984198874000
47.6	0.00232974514520
47.62	-0.01721076664800
47.64	-0.00455486742880
47.66	0.04593922551600
47.68	0.04214078341600
47.7	0.04017884983200
47.72	0.03914077894400
47.74	0.03127672915200
47.76	0.01059179009200
47.78	-0.00868481920040
47.8	-0.01082020647600
47.82	0.00904192374360
47.84	0.02032803846000
47.86	0.02076549662400
47.88	0.01963565129600
47.9	0.00723131601400
47.92	-0.01122911259200
47.94	0.00118745928200
47.96	0.01455236703600
47.98	-0.02505646155200
48	-0.01070599828400
48.02	0.01045616786400
48.04	0.03593581155600
48.06	0.01667643546400
48.08	-0.00518709134880
48.1	-0.02034129476800
48.12	-0.01826719242400
48.14	-0.02082056128800
48.16	-0.00685218560520
48.18	0.01102211024400
48.2	0.00916000685640
48.22	0.01731477768000
48.24	0.00620568566120
48.26	-0.02949732473200
48.28	-0.03982602809600
48.3	-0.03737667026400
48.32	-0.03892357943600
48.34	-0.03048848868400
48.36	-0.00974644552800
48.38	-0.01103332712000
48.4	-0.01625427304000
48.42	-0.01943170809600
48.44	0.00642410882840
48.46	0.00745055495400
48.48	0.00023398403336
48.5	-0.01086609369600
48.52	-0.00301183317760
48.54	0.00851870746400
48.56	0.00389164414240
48.58	-0.00549371995000
48.6	-0.01012710551080
48.62	-0.00831874115640
48.64	-0.00118032127000
48.66	-0.00941575162920
48.68	-0.00189279683920
48.7	0.00046073828028
48.72	0.01203978681200
48.74	0.00352750355880
48.76	-0.01498880548400
48.78	-0.00735307010440
48.8	-0.00098352627916
48.82	-0.00145727613560
48.84	0.00561414840960
48.86	-0.00979865498720
48.88	-0.03839842569600
48.9	-0.01639703328000
48.92	-0.00570643270760
48.94	0.01286371734000
48.96	0.00702217226240
48.98	-0.00665334098520
49	-0.02575190786400
49.02	-0.03053233647200
49.04	-0.02865401960000
49.06	-0.01505712645600
49.08	-0.00240306272560
49.1	0.00059319938868
49.12	-0.00513651343520
49.14	-0.02802383511200
49.16	-0.03148883008000
49.18	-0.04283826916000
49.2	-0.02862240840400
49.22	-0.01872504490800
49.24	-0.00885429599960
49.26	-0.00389613089280
49.28	-0.00846649800480
49.3	0.00011537066824
49.32	0.00062299549020
49.34	-0.00778237054040
49.36	-0.00273640788600
49.38	0.00519504513360
49.4	0.01550274234800
49.42	-0.00254500719280
49.44	0.00686952077720
49.46	-0.02531852856400
49.48	-0.00647152562240
49.5	-0.00309687749200
49.52	0.00134908426800
49.54	0.01046432559200
49.56	0.01792456784800
49.58	0.02849392418800
49.6	0.01305746338000
49.62	-0.00090469203520
49.64	0.00044574845508
49.66	0.00371604904720
49.68	-0.00240795736240
49.7	0.00917815780120
49.72	0.03296231970000
49.74	0.04440761208400
49.76	0.02722437776800
49.78	0.01532735119600
49.8	0.00333651075200
49.82	-0.00479592829120
49.84	-0.01326140658000
49.86	-0.00581146345560
49.88	-0.00405449278760
49.9	0.00654678066320
49.92	0.01254658566400
49.94	0.00416176691080
49.96	0.00084837312052
49.98	0.01089056688000
50	0.01392422198000